F[1]=1e-10   
F[2]=1e-10   
F[3]=1.35595e-06   
F[4]=1.50723e-05   
F[5]=0.000215932   
F[6]=0.000499406   
F[7]=0.00390754   
F[8]=0.0237685   
F[9]=0.0120124   
F[10]=0.0139446   
F[11]=0.115661   
F[12]=0.508219   
F[13]=0.262943   
F[14]=0.0485288   
F[15]=0.00749747   
F[16]=0.00209982   
F[17]=0.00057881   
F[18]=9.77298e-05   
F[19]=8.94414e-06   
F[20]=4.9908e-07   
F[21]=1e-10   
F[22]=1e-10   
F[23]=1e-10   
F[24]=1e-10   
F[25]=1e-10   
F[26]=1e-10   
F[27]=1e-10   
F[28]=1e-10   
F[29]=1e-10   
F[30]=1e-10   
F[31]=1e-10
F[32]=1e-10   
F[33]=1e-10   
F[34]=1e-10   
F[35]=1e-10   
F[36]=1e-10   
F[37]=1e-10   
F[38]=1e-10   
F[39]=1e-10   
F[40]=1e-10   
F[41]=1e-10